0 62 263
1 45 48
2 872 4937
3 870 3405
4 875 4282
5 871 4246
6 884 4347
7 968 4355
8 1033 5454
9 1134 5579
10 1287 5543
11 1300 5626
12 1371 5584
13 1443 5648
14 1621 5925
15 1633 6007
16 1698 7114
17 1814 7135
18 2169 8246
19 1996 7352
20 2356 8309
21 2278 12343
22 2213 7409
23 2292 7274
24 2453 7508
25 2477 7330
26 2589 7853
27 2621 7934
28 2723 8331
29 7174 8344
30 2985 8255
31 2994 8068
32 3056 9641
33 3165 9546
34 4003 9521
35 3353 9290
36 3552 9664
37 3559 12258
38 3575 9597
39 3643 9437
40 3806 10120
41 3822 10070
42 3863 9946
43 3894 10121
44 4204 10483
45 4145 10171
46 4210 10500
47 4385 10330
48 4402 10583
49 4654 9842
50 4958 10171
51 4768 12972
52 4842 11277
53 5171 10942
54 5166 11445
55 5146 11215
56 5215 12014
57 5261 11837
58 5549 16254
59 5483 11475
60 5651 11773
61 5751 11370
62 5742 11990
63 5886 11673
64 6009 13630
65 6120 15876
66 6122 14203
67 6431 13476
68 6242 13469
69 6402 12940
70 6643 13366
71 6617 13084
72 6794 13422
73 6703 13153
74 6799 13296
75 6909 13019
76 7150 13442
77 7109 16257
78 7374 13927
79 7315 13975
80 7508 15397
81 7433 14944
82 7533 15395
83 8122 14728
84 7933 14685
85 7843 14356
86 7862 14949
87 7908 14840
88 8245 15385
89 8130 17889
90 8262 15479
91 8392 15342
92 8433 16183
93 8593 15529
94 9107 16358
95 9095 15616
96 10788 26805
97 9308 16466
98 9350 18289
99 9365 17322
100 9726 18857
101 9662 19910
102 9620 17662
103 9903 16819
104 9809 19243
105 9845 17993
106 10011 18133
107 10184 17758
108 10174 19476
109 10300 18473
110 10388 24423
111 10513 22463
112 10634 20574
113 10660 19521
114 10842 19592
115 10822 19359
116 11166 20879
117 11331 19914
118 10991 19919
119 11345 19031
120 11431 19631
121 11606 18318
122 11706 26964
123 11542 19474
124 11613 21415
125 11550 20427
126 11862 20805
127 11961 19918
128 20315 22585
129 12083 21369
130 12074 22106
131 12614 21580
132 12260 26688
133 12773 22210
134 12783 22793
135 12574 21990
136 12746 22049
137 12930 25054
138 13111 22630
139 13153 21806
140 13197 22783
141 13731 22320
142 13835 25672
143 13564 22278
144 13924 24117
145 14160 22423
146 14083 23628
147 14286 22684
148 13997 23207
149 14128 22534
150 14197 22727
151 14610 25201
152 14582 23557
153 14823 22212
154 14796 23131
155 15281 22408
156 14918 24842
157 15036 24185
158 15708 24822
159 15240 24237
160 15538 27399
161 15353 33338
162 15583 27329
163 15631 26280
164 16086 26659
165 16081 25269
166 16004 25590
167 16111 24880
168 15804 27204
169 16352 25871
170 16277 29458
171 16370 26056
172 16497 26902
173 16977 26768
174 16972 26684
175 16789 26212
176 17406 27214
177 17027 25876
178 17214 28334
179 17304 28062
180 17526 31856
181 17306 27990
182 17663 28258
183 17470 26974
184 17821 29244
185 17717 27940
186 17786 34533
187 18254 28549
188 18422 30964
189 18782 32868
190 18474 30492
191 18947 28601
192 18670 34779
193 18930 32000
194 19241 74697
195 23852 37015
196 19238 45839
197 20466 42829
198 19313 45454
199 19518 47085
200 19289 44666
201 19578 41577
202 19934 39658
203 19859 38286
204 19803 42607
205 19809 39711
206 20151 43457
207 20530 42311
208 20316 46915
209 20131 41429
210 20615 41591
211 20458 40366
212 20776 36079
213 20855 33526
214 21257 37820
215 21027 32161
216 21247 34667
217 20972 33250
218 21371 37927
219 22485 33491
220 21611 43765
221 21476 40710
222 21868 43903
223 21849 41896
224 22198 44764
225 22153 42641
226 22150 43351
227 22489 45710
228 22337 45083
229 22439 41990
230 22670 45935
231 23380 43668
232 22888 52321
233 23312 43922
234 23159 44796
235 27355 53971
236 38020 59004
237 23410 64495
238 24814 45647
239 23813 43634
240 23659 38412
241 23725 35994
242 23966 43282
243 23800 36850
244 24196 46570
245 23933 43872
246 24172 46523
247 24603 42223
248 24554 48534
249 24346 46200
250 24694 48191
251 24697 46839
252 27946 45523
253 25219 43540
254 24902 45918
255 25561 44970
256 25267 47689
257 25550 41684
258 25719 40128
259 25711 39119
260 26156 48515
261 25744 46491
262 26175 46905
263 26098 45370
264 26452 53165
265 26417 47580
266 26538 48795
267 26558 47600
268 26608 54277
269 26756 47275
270 26874 46358
271 26988 44788
272 27127 46866
273 27461 48422
274 29164 47376
275 27249 45154
276 27613 48654
277 27867 46089
278 27735 49014
279 27769 48059
280 28298 47698
281 27937 48836
282 28634 45265
283 28130 44405
284 28275 47307
285 28358 45832
286 28651 44751
287 28687 44075
288 28683 48196
289 28464 45636
290 28836 50609
291 29174 45526
292 29184 51437
293 29278 53978
294 29444 49733
295 29560 49230
296 29513 51279
297 29621 49013
298 29655 54056
299 29917 48779
300 30280 49326
301 30454 46241
302 30436 47765
303 30319 54861
304 30493 49597
305 30620 48082
306 30572 50833
307 30849 52616
308 30837 51826
309 30741 50497
310 30891 50252
311 31413 48468
312 31416 52683
313 31408 50043
314 30958 53052
315 31488 55322
316 31874 53524
317 37471 56054
318 31861 50899
319 32140 49047
320 32280 55239
321 32713 52269
322 32630 53927
323 32842 52051
324 32791 60853
325 32669 55687
326 32717 54452
327 33369 52331
328 33308 54543
329 33404 51929
330 33436 54764
331 33835 53763
332 33584 55158
333 33795 55632
334 33860 49895
335 33783 48823
336 34069 55166
337 34039 52557
338 34162 54805
339 34468 52587
340 34729 54833
341 39348 55656
342 34520 55303
343 34815 54230
344 34972 57944
345 35453 54473
346 35334 55459
347 35566 54575
348 35357 63540
349 35677 53883
350 35723 59049
351 35589 54406
352 35787 58613
353 35963 55499
354 36165 56484
355 36220 54746
356 36327 59002
357 36485 56943
358 36533 59679
359 37307 55506
360 37071 59512
361 37108 55804
362 36893 59594
363 37143 58737
364 37406 58211
365 37290 55574
366 38763 64194
367 37374 61221
368 37491 61239
369 37692 58861
370 37816 61273
371 38003 59209
372 38552 73513
373 38532 70207
374 38646 72088
375 41522 70901
376 38829 79007
377 39547 75621
378 39125 72710
379 39181 70859
380 41032 76177
381 39769 73768
382 39508 71931
383 40989 71522
384 40136 99127
385 40107 90628
386 40526 96728
387 40243 86711
388 40358 90626
389 40843 87787
390 41072 94310
391 40765 92641
392 41344 154885
393 41471 143991
394 41614 152386
395 41582 152575
396 41726 153609
397 41437 151023
398 42092 162136
399 41873 150051
400 42230 124767
401 42318 124985
402 42514 126506
403 42592 123011
404 43114 114314
405 42723 110023
406 42611 109642
407 42238 107966
408 43041 113973
409 43117 110147
410 44056 134267
411 43662 117319
412 43740 119060
413 43988 115952
414 43675 115282
415 43635 113126
416 44050 118996
417 43791 114920
418 44447 116151
419 44239 111652
420 44459 112864
421 44592 115312
422 45512 115950
423 45233 113310
424 45620 87581
425 45244 82226
426 45280 83069
427 45314 83980
428 45344 81659
429 45274 79126
430 45640 79941
431 45726 77353
432 46084 83212
433 46036 79608
434 46271 80643
435 48972 79286
436 46721 83844
437 46293 87903
438 46635 79203
439 46630 78126
440 46936 120538
441 46925 116347
442 47043 117935
443 46915 117232
444 47467 123625
445 47360 117118
446 47308 115563
447 48618 115195
448 47381 117252
449 47152 116932
450 47382 115094
451 47766 112665
452 49092 120973
453 48760 120202
454 48812 122470
455 48506 116988
456 48859 119446
457 49048 119733
458 49161 118347
459 49745 116580
460 49101 121766
461 49606 133318
462 49270 117057
463 49603 116865
464 49604 120425
465 49620 115738
466 50242 116801
467 50098 114763
468 51037 121745
469 50726 119994
470 50171 118140
471 51674 113377
472 50426 123883
473 50745 119841
474 52203 120685
475 50860 118032
476 53109 123923
477 51233 121033
478 51573 127019
479 51255 117440
480 51479 88619
481 51605 82317
482 52183 82136
483 52341 81219
484 51863 87121
485 59281 83705
486 54547 84182
487 53108 86111
488 52891 128446
489 53554 122624
490 53663 124435
491 53317 122275
492 53739 125658
493 53684 122805
494 54159 119314
495 54880 124234
496 60065 124649
497 54528 119898
498 54224 117614
499 54739 116291
500 56155 127749
501 54786 123604
502 54828 123663
503 54625 122558
504 54447 126186
505 54462 119849
506 55310 122685
507 54990 116182
508 55369 122824
509 55099 114185
510 55293 113943
511 56126 113570
512 55853 102706
513 55879 93773
514 56049 92750
515 56366 91319
516 56559 94313
517 56000 90527
518 56381 91448
519 56261 90431
520 56893 132680
521 58896 125254
522 56661 125814
523 57186 125502
524 57417 126289
525 57462 124044
526 57288 122215
527 58512 119899
528 57738 130531
529 57598 123582
530 58114 120288
531 58175 130117
532 58385 125487
533 58473 122210
534 58421 123825
535 61844 123944
536 59102 126210
537 58651 121284
538 59709 122332
539 59194 126124
540 59298 126665
541 59110 123847
542 59837 122397
543 58971 125616
544 59073 128502
545 59596 125504
546 59737 122027
547 60834 121076
548 60314 119908
549 60298 118477
550 60662 119933
551 60848 122822
552 68228 125266
553 62119 120799
554 61257 123618
555 61539 121699
556 61901 136910
557 61894 128401
558 62342 127161
559 61832 130193
560 62311 121730
561 62283 119355
562 62159 117752
563 62515 116773
564 62394 124516
565 62998 115726
566 66282 119954
567 63052 116633
568 63207 125011
569 63123 120346
570 63961 121727
571 63457 119110
572 63884 125585
573 63791 123384
574 64064 132792
575 63911 120838
576 64156 120870
577 64391 144020
578 64730 124853
579 64139 122198
580 64482 129175
581 65213 120876
582 64675 129360
583 64965 123005
584 65351 126659
585 66862 123450
586 64925 131393
587 65353 130327
588 65068 129113
589 65482 126155
590 65653 137342
591 65741 132651
592 66398 129161
593 66287 125917
594 66529 136323
595 66836 126043
596 67020 132201
597 66949 130861
598 67840 128960
599 67372 124075
600 67454 123725
601 67567 121005
602 67815 125028
603 67763 123027
604 68100 126822
605 67175 123608
606 67969 122053
607 68268 122963
608 68703 128167
609 68484 124024
610 68707 124222
611 69019 122515
612 69567 124427
613 69447 125639
614 80669 130631
615 69172 130507
616 69614 137310
617 69747 133436
618 69636 131989
619 70092 130970
620 70282 135396
621 70056 133805
622 70153 130956
623 70643 129664
624 74327 133604
625 70807 128952
626 70924 132491
627 71323 129775
628 72721 133626
629 71409 140427
630 71218 132341
631 71346 131459
632 71474 134794
633 71593 132096
634 71602 136438
635 71493 128216
636 72259 133662
637 72036 127088
638 72427 128253
639 72361 126179
640 72838 133920
641 72627 133196
642 72972 134211
643 73130 131513
644 73345 138721
645 73642 135009
646 73467 132541
647 73323 132345
648 73953 141664
649 75089 138626
650 74353 142602
651 74180 141878
652 74478 136153
653 74169 142655
654 75567 129150
655 75518 126727
656 75904 137541
657 75805 131743
658 75652 134217
659 76344 133343
660 75891 137782
661 75806 133782
662 76023 132495
663 76054 131645
664 76520 132034
665 76554 129139
666 77225 133148
667 78248 138724
668 77152 131435
669 77107 127939
670 77789 125583
671 77594 125179
672 77328 140437
673 77103 131879
674 77164 138169
675 77328 138915
676 77347 139525
677 82215 137076
678 78047 135204
679 77948 134757
680 78742 131875
681 78087 127805
682 78556 131947
683 78587 135953
684 78660 136477
685 78751 131842
686 79018 133121
687 78987 133544
688 79287 139932
689 79278 136175
690 79991 142431
691 79745 137818
692 81212 141293
693 79490 136726
694 79975 138654
695 80014 137795
696 80616 136284
697 80868 133458
698 81185 143919
699 81015 135100
700 81317 139652
701 82539 135850
702 81226 144464
703 81746 138602
704 81927 144377
705 81803 139969
706 82102 146099
707 81820 141705
708 87089 152662
709 81975 141431
710 82804 143154
711 82769 139622
712 82769 139829
713 84304 136772
714 83322 139444
715 83594 134232
716 83844 142902
717 84192 140128
718 83519 137573
719 83415 137467
720 83857 141816
721 84266 139735
722 84481 147396
723 84627 143916
724 84524 143199
725 91536 141430
726 85257 145643
727 84757 139977
728 85571 142025
729 85534 143863
730 85416 139037
731 85192 137254
732 86168 144792
733 85755 143844
734 86222 149524
735 86466 146711
736 86697 148532
737 86525 148757
738 86651 148398
739 86542 149553
740 87052 160619
741 87414 157178
742 94267 155101
743 87679 154042
744 88044 191461
745 87577 189781
746 87034 185643
747 88520 184700
748 88493 190263
749 88444 185653
750 88747 186880
751 88531 188668
752 89157 228533
753 89289 224299
754 89286 222562
755 90059 223520
756 90105 235626
757 90268 225070
758 89958 228306
759 92281 222048
760 146931 313668
761 130963 303775
762 166222 348363
763 164562 376140
764 162099 387757
765 164119 388205
766 137381 353624
767 168706 334229
768 168872 488830
769 171195 497167
770 168716 488542
771 175495 490547
772 170211 518175
773 171187 502063
774 172547 517331
775 169905 518601
776 172281 474046
777 171845 482220
778 171481 505130
779 170635 491893
780 173603 502394
781 172157 506106
782 169937 503799
783 183546 506496
784 172388 809496
785 176978 819439
786 176744 825350
787 208129 830713
788 174658 914266
789 178174 909406
790 175069 917979
791 172794 919664
792 176378 911072
793 176191 901105
794 178493 908810
795 175206 924153
796 179844 909677
797 178076 908635
798 180538 892205
799 97452 524862
800 96062 409382
801 97110 401988
802 97074 415685
803 97148 412934
804 97586 429473
805 97392 430122
806 106701 438531
807 97415 427908
808 97935 368201
809 98007 363215
810 97956 352355
811 98452 353485
812 97012 361391
813 98344 357647
814 101275 365600
815 100046 359650
816 98639 358684
817 99022 351406
818 99679 348991
819 99934 351802
820 99632 369997
821 99809 367205
822 100254 364542
823 102935 372578
824 100057 368657
825 100241 367168
826 99972 358812
827 99921 357939
828 100090 359716
829 100405 356810
830 100935 365941
831 109004 367591
832 101461 369138
833 101213 366216
834 101984 368939
835 101880 373275
836 102740 362345
837 101885 363521
838 102094 371186
839 102411 372965
840 103296 372479
841 102525 363827
842 103109 361652
843 105116 363074
844 104307 362798
845 103501 358846
846 104228 376121
847 103660 380890
848 104129 255493
849 104051 247778
850 104125 237273
851 108063 233875
852 104249 233482
853 104088 230708
854 112376 239871
855 104578 235571
856 105494 228893
857 106559 226748
858 105690 232045
859 106398 230748
860 113537 232099
861 105903 228929
862 106365 239809
863 106389 239083
864 107754 231079
865 106991 227350
866 106442 235780
867 107164 232745
868 108174 237621
869 106681 232698
870 109778 246109
871 110263 238750
872 108061 242750
873 108167 233528
874 107376 231809
875 106871 231941
876 107905 235876
877 107833 235295
878 109212 241650
879 108396 240425
880 108419 366663
881 109192 361876
882 108986 379648
883 109196 371775
884 109484 371529
885 109784 371484
886 109251 376016
887 109253 372569
888 109066 371057
889 110099 366465
890 116712 366218
891 110179 364293
892 110512 373484
893 110505 374437
894 114230 371117
895 110839 367291
896 115342 380510
897 111167 377948
898 115775 376746
899 109618 381773
900 115125 370968
901 118260 373603
902 110382 355141
903 111898 355498
904 115169 367165
905 111047 368029
906 111989 371922
907 112686 376368
908 111719 373450
909 113009 375844
910 113121 377343
911 113237 376421
912 113940 367241
913 112355 363460
914 113629 360250
915 112887 369726
916 113152 365916
917 115265 367728
918 114209 374536
919 115001 373797
920 113066 384895
921 114978 378668
922 116272 374337
923 115811 401136
924 115497 380689
925 115852 375079
926 116925 375206
927 115204 372758
928 116598 385319
929 116917 383438
930 116922 370966
931 125534 371538
932 116655 374002
933 117197 370653
934 116804 374843
935 117452 392828
936 117311 378073
937 117530 377761
938 120333 378729
939 124831 377863
940 120821 373735
941 118363 368838
942 120349 361041
943 119879 359182
944 118798 369439
945 119884 365110
946 119040 365959
947 129094 367916
948 121493 367815
949 119982 370769
950 119904 369324
951 119702 368797
952 119860 379104
953 120285 377363
954 120447 369173
955 120400 371890
956 121494 383379
957 122408 374987
958 121892 373784
959 122682 370140
960 121520 235827
961 122684 230031
962 123014 233653
963 122430 238716
964 121487 237008
965 124013 243510
966 122904 239793
967 121875 235863
968 124481 241838
969 123239 238579
970 124026 237995
971 122942 242374
972 122587 239998
973 123716 239238
974 123807 237782
975 124497 238119
976 124190 389642
977 125073 383029
978 126471 372393
979 124970 378581
980 125241 392585
981 124770 390223
982 127161 390159
983 125986 394175
984 124286 385522
985 126483 378278
986 127507 379982
987 125501 378339
988 127257 374954
989 127698 376083
990 128093 375493
991 127515 375174
992 125894 398894
993 127310 376438
994 127966 377130
995 128604 375267
996 129939 378649
997 146711 379418
998 127904 377668
999 127228 385110
1000 127117 383500
