0 42 47
1 41 45
2 479 2080
3 567 2189
4 654 2836
5 743 2945
6 847 2952
7 936 3014
8 1064 3713
9 1115 3732
10 1197 3691
11 1290 3786
12 1370 3712
13 1461 3761
14 1551 3750
15 1649 3847
16 1715 4326
17 1805 4450
18 1894 4443
19 1988 4553
20 2094 4518
21 2513 5405
22 2249 4537
23 2340 4609
24 2410 4441
25 2495 4544
26 2605 4574
27 2904 5037
28 4583 7924
29 4684 7951
30 4599 7591
31 3133 4868
32 3488 5789
33 3202 5205
34 3296 5178
35 3391 5298
36 3470 5199
37 3558 5302
38 3633 5352
39 3722 5377
40 3806 5171
41 3886 5314
42 4006 5297
43 4049 5356
44 4130 5306
45 4216 5350
46 4308 5346
47 4388 5416
48 4502 5356
49 4567 5575
50 4783 5426
51 4872 5643
52 4984 5427
53 5076 5648
54 5201 5496
55 5280 5707
56 5381 5437
57 5433 5662
58 5544 5495
59 5635 5701
60 5733 5447
61 5818 5655
62 5917 5563
63 6007 5755
64 6099 5938
65 6194 6147
66 6268 6043
67 6350 6275
68 6444 6062
69 6547 6267
70 6701 6287
71 6688 6400
72 6763 6063
73 6862 6290
74 6995 6230
75 7086 6437
76 7170 6216
77 9653 8808
78 12007 10837
79 10971 10087
80 10643 9004
81 7596 6326
82 7702 6210
83 7809 6408
84 7929 6196
85 7986 6402
86 8083 6249
87 8182 6465
88 8269 6194
89 8352 6396
90 8444 6252
91 8525 6459
92 8630 6313
93 8734 6519
94 8964 6706
95 9153 6962
96 15011 11545
97 12995 9963
98 13576 10269
99 9920 7268
100 9558 6783
101 9669 6873
102 9783 6866
103 9862 6974
104 11484 8009
105 11261 7818
106 10229 6866
107 10305 6966
108 10417 6833
109 10479 6928
110 10588 6917
111 10673 7020
112 15041 9975
113 16040 10712
114 11063 6942
115 11085 6972
116 11152 6837
117 11227 6931
118 11356 6909
119 11439 7016
120 11530 6806
121 11613 6911
122 11716 6902
123 11770 7001
124 11848 6914
125 11900 7005
126 12011 6990
127 14114 8437
128 19282 12026
129 17330 10739
130 12529 7337
131 12728 7485
132 14720 8733
133 12684 7438
134 12808 7440
135 12893 7528
136 12976 7355
137 13072 7441
138 13159 7445
139 13389 7520
140 13498 7570
141 13577 7828
142 13783 7656
143 13878 7916
144 13959 7440
145 14004 7696
146 14097 7540
147 14298 7836
148 14381 7586
149 14466 7822
150 14575 7690
151 14678 7922
152 14754 7552
153 14846 7818
154 14964 7657
155 15062 7915
156 15059 7632
157 15205 7881
158 15353 7719
159 15454 7971
160 15561 7438
161 15558 7698
162 15618 7539
163 15809 7791
164 15926 7560
165 16011 7821
166 16104 7685
167 16186 7929
168 16233 7578
169 16399 7838
170 16475 7690
171 16502 7938
172 16564 7614
173 16810 7885
174 16874 7732
175 16881 7977
176 16965 7553
177 17111 7840
178 17198 7664
179 17392 7925
180 17354 7620
181 17449 7872
182 17544 7704
183 17626 7983
184 17725 7729
185 17825 7985
186 17876 8271
187 18096 8524
188 18290 8633
189 18381 8886
190 18513 8739
191 18593 8983
192 18804 8521
193 18986 8749
194 19061 8601
195 19154 8848
196 19130 8594
197 19224 8860
198 19325 8692
199 19431 8950
200 19581 8588
201 19773 8851
202 19848 8691
203 19954 8942
204 20088 8671
205 20197 8925
206 20254 8772
207 20358 9014
208 20437 8597
209 20532 8844
210 20535 8706
211 20658 8942
212 20888 8675
213 20968 8930
214 21060 8773
215 21068 9034
216 21115 8637
217 21258 8893
218 21321 8732
219 21497 8996
220 21595 8778
221 21695 8980
222 21745 8822
223 21868 9067
224 22055 8587
225 22034 8833
226 22122 8687
227 22258 8932
228 22383 8691
229 22489 8927
230 22702 8783
231 22765 9045
232 22848 8634
233 22945 8895
234 23016 8742
235 23189 8965
236 23319 8692
237 23405 8957
238 23494 8800
239 23648 9047
240 23690 8588
241 23835 8856
242 23911 8694
243 24037 8950
244 24209 8677
245 24271 8931
246 24233 8779
247 24405 9044
248 24404 8680
249 24555 8938
250 24715 8782
251 24853 9041
252 25012 8765
253 25072 9020
254 25110 8865
255 25148 9152
256 25292 9005
257 25431 9319
258 25686 9198
259 26414 9734
260 26209 9513
261 26354 9816
262 26389 9694
263 26541 10073
264 26564 9598
265 26757 9901
266 26877 9843
267 27064 9995
268 26721 9243
269 26778 9482
270 26836 9371
271 27001 9590
272 27079 9150
273 27209 9390
274 27211 9243
275 27307 9486
276 27501 9297
277 27513 9551
278 27542 9435
279 27699 9670
280 27759 9540
281 28061 9672
282 28218 9606
283 28351 9752
284 28406 9623
285 28492 9762
286 28559 9696
287 28687 9882
288 28808 9429
289 28928 9564
290 29072 9480
291 29195 9628
292 29292 9519
293 29346 9641
294 29472 9582
295 29625 9720
296 29722 9519
297 29829 9660
298 29937 9620
299 29981 9766
300 30118 9624
301 30220 9757
302 30328 9703
303 30487 9839
304 30598 9530
305 30674 9672
306 30809 9595
307 30827 9759
308 30905 9618
309 31147 9805
310 31575 9900
311 31371 9840
312 31459 9585
313 31557 9731
314 31594 9663
315 31683 9805
316 31842 9713
317 31746 9843
318 31857 9753
319 32006 9903
320 32190 9399
321 32434 9569
322 32548 9491
323 32638 9629
324 32719 9608
325 32874 9875
326 32987 9660
327 33116 9986
328 33111 9605
329 33051 9832
330 33059 9587
331 33469 9970
332 33365 9608
333 33485 9905
334 33678 9734
335 33648 10001
336 33839 9508
337 33890 9819
338 34050 9588
339 34172 9853
340 34232 9620
341 34273 9880
342 34423 9679
343 34516 9961
344 34635 9562
345 34755 9837
346 34900 9642
347 35155 9933
348 35248 9690
349 35295 9945
350 35388 9754
351 35540 10014
352 35662 9537
353 35772 9803
354 35919 9611
355 35970 9866
356 36066 9623
357 36200 9886
358 36246 9686
359 36368 9960
360 36477 9587
361 36593 9835
362 36773 9656
363 36928 9923
364 36999 9679
365 37106 9948
366 37198 9760
367 37287 10010
368 37432 9767
369 37481 10019
370 37624 10039
371 37930 10303
372 38128 10430
373 38344 10676
374 38593 10572
375 38454 10783
376 38589 10807
377 38636 11049
378 38658 10886
379 38828 11163
380 38900 10893
381 39006 11155
382 39170 10996
383 39267 11244
384 39393 10661
385 39483 10923
386 39590 10761
387 39693 11026
388 39811 10745
389 39863 11030
390 39960 10847
391 40146 11133
392 40363 10727
393 40432 10994
394 40540 10853
395 40685 11120
396 40768 10846
397 40885 11120
398 41017 10946
399 41112 11218
400 41198 10741
401 41380 10991
402 41465 10875
403 41592 11129
404 41703 10840
405 41823 11106
406 41948 10968
407 42052 11212
408 42397 10825
409 42533 11093
410 42513 10961
411 42556 11213
412 42838 10931
413 42887 11193
414 42995 11063
415 43144 11319
416 43071 10754
417 43193 11008
418 43318 10853
419 43412 11121
420 43708 10862
421 43761 11098
422 43808 10940
423 43937 11202
424 44217 10813
425 44294 11092
426 44508 10933
427 44808 11210
428 44930 10924
429 45035 11204
430 45135 11040
431 45177 11317
432 45024 10782
433 45192 11057
434 45549 10883
435 45755 11156
436 45707 10902
437 45959 11155
438 46103 10993
439 46255 11265
440 46373 10880
441 46417 11150
442 46374 10971
443 46486 11261
444 46654 10970
445 46791 11260
446 47015 11089
447 47120 11349
448 47230 10735
449 47344 11015
450 47447 10855
451 47565 11144
452 47488 10857
453 47622 11102
454 47905 10953
455 48064 11213
456 48224 10823
457 48180 11089
458 48313 10931
459 48725 11205
460 48833 11010
461 48891 11282
462 48954 11082
463 49106 11362
464 49016 10946
465 49080 11223
466 49197 11083
467 49336 11340
468 49533 11049
469 49959 11328
470 50076 11187
471 50096 11468
472 49988 11055
473 50103 11341
474 50276 11144
475 50497 11422
476 50769 11155
477 50966 11487
478 50911 11257
479 50976 11555
480 51249 10949
481 51502 11217
482 51465 11067
483 51309 11329
484 51433 11044
485 51776 11322
486 51880 11157
487 51985 11410
488 52145 11015
489 52313 11313
490 52627 11178
491 52632 11421
492 52633 11135
493 52746 11405
494 53051 11252
495 53131 11522
496 53305 11042
497 53399 11319
498 53418 11154
499 53363 11430
500 53469 11136
501 53640 11408
502 53771 11250
503 53873 11517
504 54154 11185
505 54113 11422
506 54222 11230
507 54346 11530
508 54566 11270
509 54787 11481
510 55090 11310
511 55126 11581
512 55193 11332
513 55314 11627
514 55590 11457
515 55724 11737
516 55460 11443
517 55530 11718
518 56044 11559
519 56257 11832
520 56309 11460
521 56363 11713
522 56391 11546
523 56428 11816
524 56580 11542
525 56711 11821
526 56838 11661
527 56966 11910
528 57077 11455
529 57228 11744
530 57391 11592
531 57509 11836
532 57639 11564
533 57871 11840
534 58019 11671
535 58259 12002
536 58207 11602
537 58264 11878
538 58364 11693
539 58557 11945
540 58689 11658
541 58939 11952
542 59158 11778
543 59132 12040
544 59408 11474
545 59381 11757
546 59368 11588
547 59605 11855
548 59864 11574
549 60017 11867
550 60156 11692
551 60175 11962
552 60213 11675
553 60452 11977
554 60700 11814
555 60834 12057
556 60866 11948
557 60944 12231
558 61213 12072
559 61288 12356
560 61276 11988
561 61405 12263
562 61491 12147
563 61861 12441
564 61993 12129
565 62020 12383
566 62030 12226
567 62150 12500
568 62336 12073
569 62495 12371
570 62633 12202
571 62703 12496
572 62805 12189
573 62971 12488
574 63069 12325
575 63301 12595
576 63695 11892
577 63506 12194
578 63590 12023
579 63687 12301
580 63844 12013
581 64132 12284
582 64306 12131
583 64526 12385
584 64580 11990
585 64452 12261
586 64684 12129
587 64902 12416
588 65084 12112
589 65126 12389
590 65286 12252
591 65349 12512
592 65719 12011
593 65880 12301
594 65725 12145
595 65847 12419
596 65942 12112
597 66233 12386
598 66576 12222
599 66612 12530
600 66517 12090
601 66859 12380
602 66820 12209
603 66818 12475
604 66995 12196
605 67061 12475
606 67264 12320
607 67734 12597
608 67869 11984
609 67703 12245
610 67857 12108
611 67987 12382
612 68118 12086
613 68460 12360
614 68519 12212
615 68517 12463
616 68811 12077
617 68936 12345
618 69290 12211
619 69324 12510
620 69265 12182
621 69590 12474
622 69801 12300
623 69737 12580
624 69838 12050
625 69984 12303
626 70059 12153
627 70114 12442
628 70470 12155
629 70747 12430
630 70687 12250
631 70746 12557
632 70806 12173
633 71049 12422
634 71431 12301
635 71404 12565
636 71634 12334
637 71589 12534
638 71932 12373
639 72077 12674
640 72092 11896
641 71923 12163
642 72085 12010
643 72250 12288
644 72333 12018
645 72457 12292
646 72584 12189
647 72932 12520
648 73531 12317
649 85868 14854
650 74034 12485
651 73579 12534
652 73886 12385
653 74170 12519
654 73986 12469
655 74099 12642
656 74586 12257
657 74458 12451
658 74344 12375
659 74860 12635
660 75085 12444
661 75514 12749
662 75189 12484
663 75194 12673
664 75614 12472
665 76102 12709
666 76683 12781
667 77320 13164
668 77586 12944
669 76724 12903
670 76914 12740
671 76806 12804
672 76545 12271
673 76803 12578
674 76962 12492
675 77864 12831
676 77048 12474
677 77202 12660
678 77595 12673
679 77411 12749
680 77741 12480
681 77896 12671
682 77888 12580
683 77940 12742
684 78064 12583
685 78306 12784
686 78732 12669
687 78627 12837
688 78755 12431
689 78956 12599
690 78972 12518
691 79437 12746
692 79420 12533
693 79561 12698
694 79700 12863
695 79983 13244
696 80139 12631
697 80251 12898
698 80697 12715
699 81022 13038
700 80878 12759
701 80620 12957
702 81067 12765
703 81071 13034
704 81285 12442
705 81714 12878
706 81509 12489
707 81482 12756
708 81472 12474
709 81622 12798
710 81873 12576
711 82006 12846
712 82005 12452
713 82105 12751
714 82366 12546
715 82611 12850
716 82760 12576
717 82849 12914
718 83445 12683
719 83435 12960
720 83669 12452
721 83382 12701
722 83647 12544
723 83728 12812
724 83669 12547
725 83900 12859
726 84060 12648
727 84248 12926
728 84339 12511
729 84412 12852
730 84738 12645
731 84883 12908
732 84883 12638
733 84971 12924
734 85074 12728
735 85313 13025
736 85448 12660
737 85592 12993
738 85814 12923
739 85995 13280
740 86184 13173
741 86330 13473
742 86654 13334
743 86819 13614
744 86717 13601
745 87272 13904
746 87165 13742
747 87354 14025
748 87144 13741
749 87435 14029
750 87487 13884
751 87881 14206
752 88018 14032
753 88010 14275
754 88147 14090
755 88391 14393
756 88688 14072
757 88994 14373
758 89112 14190
759 89013 14476
760 89008 14095
761 89434 14419
762 89344 14177
763 89818 14481
764 89904 14174
765 89820 14474
766 90050 14297
767 90269 14587
768 90645 13834
769 90589 14136
770 91483 14080
771 91999 14398
772 91712 14081
773 91823 14393
774 91930 14218
775 92201 14500
776 92347 14080
777 92552 14383
778 92680 14190
779 92633 14480
780 93012 14196
781 93097 14479
782 93131 14281
783 93219 14605
784 93527 14042
785 93537 14349
786 93775 14156
787 93830 14479
788 93873 14130
789 94124 14414
790 94530 14257
791 94470 14561
792 94393 14113
793 94600 14415
794 94629 14216
795 94948 14512
796 95094 14204
797 95082 14493
798 95493 14351
799 95661 14612
800 95877 13982
801 95820 14275
802 95789 14102
803 96048 14412
804 96179 14059
805 96413 14392
806 96507 14173
807 96816 14505
808 96729 14054
809 97262 14393
810 97425 14197
811 97284 14485
812 97329 14159
813 97496 14455
814 97472 14295
815 97875 14593
816 98081 14086
817 97938 14345
818 98042 14159
819 98143 14465
820 98500 14157
821 98415 14435
822 98998 14277
823 98724 14564
824 98842 14132
825 98964 14441
826 99129 14254
827 99288 14552
828 99586 14255
829 99660 14556
830 99745 14471
831 99852 14766
832 100121 14095
833 100312 14374
834 100563 14340
835 100295 14648
836 100737 14425
837 101141 14753
838 101309 14692
839 101213 14999
840 101282 14351
841 102313 14833
842 101902 14463
843 102029 14767
844 101679 14426
845 102366 14751
846 102535 14600
847 102600 14906
848 102599 14372
849 103057 14692
850 102830 14506
851 102748 14801
852 103197 14487
853 103214 14774
854 103846 14574
855 104025 14899
856 103689 14461
857 103596 14773
858 103793 14577
859 104022 14875
860 104636 14538
861 104357 14850
862 104777 14678
863 105164 15029
864 105275 14328
865 105465 14638
866 105358 14463
867 105278 14751
868 105308 14446
869 105492 14724
870 105921 14551
871 105796 14853
872 106102 14417
873 106434 14715
874 106507 14522
875 106528 14854
876 106554 14494
877 106826 14783
878 107152 14612
879 107289 14923
880 107175 14358
881 107430 14671
882 107444 14484
883 107822 14777
884 108254 14454
885 108207 14748
886 108114 14571
887 108776 14863
888 108579 14486
889 108667 14769
890 108789 14553
891 108882 14889
892 108943 14566
893 108974 14863
894 109234 14689
895 109421 15003
896 109537 14206
897 109800 14522
898 110108 14345
899 110195 14637
900 110770 14301
901 110297 14621
902 110462 14441
903 110648 14757
904 110850 14304
905 111038 14646
906 111155 14425
907 111419 14728
908 111439 14398
909 111617 14717
910 112100 14536
911 112277 14854
912 112305 14287
913 112711 14610
914 112622 14452
915 112557 14711
916 112691 14400
917 112810 14708
918 113127 14539
919 113220 14846
920 113743 14521
921 113618 14830
922 114530 14668
923 114631 14956
924 114774 14668
925 115202 14961
926 115343 14892
927 115366 15209
928 115594 14661
929 115704 15039
930 115796 14788
931 115976 15091
932 116216 14772
933 116276 15107
934 116379 14949
935 116543 15277
936 116795 14824
937 116937 15170
938 117065 14941
939 117222 15267
940 117463 14939
941 118080 15231
942 117734 15057
943 117853 15383
944 118836 14941
945 118289 15133
946 118623 14942
947 118065 15258
948 117908 14940
949 118596 15246
950 118079 15071
951 118328 15361
952 118375 14901
953 118990 15230
954 118930 15045
955 118882 15351
956 119098 15008
957 120084 15320
958 120710 15163
959 120635 15532
960 121064 14717
961 120660 15040
962 121220 14820
963 120979 15130
964 121115 14804
965 121803 15126
966 122051 14953
967 121857 15264
968 121753 14813
969 122162 15112
970 122537 14889
971 122333 15218
972 121751 14833
973 122662 15261
974 122982 14988
975 123124 15295
976 123210 14746
977 123606 15059
978 123538 14881
979 124294 15211
980 123940 14873
981 124081 15163
982 124242 14977
983 124384 15307
984 124669 14836
985 124628 15144
986 124817 14949
987 125219 15270
988 125795 14939
989 126142 15240
990 126021 15067
991 125739 15377
992 125755 14801
993 126213 15061
994 126431 14880
995 126486 15183
996 126545 14839
997 127358 15160
998 126749 14975
999 127009 15284
1000 127622 14862
